236275
236274
236273
236272
236271
236270
236269
236268
236267
236266
236265
236264
236263
236262
236209
236208
236207
236206
236205
236204
236203
236202
236201
236200
236197
236196
236195
236194
236192
236191
236190
236189
236188
236187
236186
236185
236153
236151
236138
236137
236116
236115
236114
236113
236112
236111
236110
236109
236108
236107
236083
236082
236081
236079
236078
236077
236076
236075
236074
236073
236072
236071
236070
236048
236021
236020
236019
236018
236017
236003
236002
236001
236000
235999
235991
235979
235978
235977
235976
235975
235974
235973
235954
235953
235952
235951
235950
235949
235948
235946
235945
235944
235943
235942
235941
235940
235939
235938
235937
235936
