24726
25029
25023
25022
25021
25013
25007
25006
25005
24999
24998
24995
24994
24986
24984
24982
24981
24978
24977
24973
24970
24969
24968
24967
24960
24958
24957
24947
24935
24934
24933
24925
24921
24919
24918
24917
24911
24909
24905
24904
24903
24902
24901
24900
24885
24884
24883
24873
24872
24868
24866
24865
24864
24860
24859
24858
24857
24846
24844
24841
24838
24831
24827
24826
24822
24821
24813
24812
24803
24796
24795
24794
24793
24787
24783
24781
24772
24764
24761
24759
24758
24754
24749
24745
24739
24735
24734
24732
24731
24730
24729
24704
24700
24699
24697
24690
24689
24685
24682
24681
